[0m[38;2;67;80;86m,[38;2;58;70;76m'[38;2;46;58;64m.[38;2;44;56;62m.[38;2;47;56;59m.[38;2;47;55;58m.[38;2;52;60;63m.[38;2;57;65;68m.[38;2;60;71;77m'[38;2;63;75;83m'[38;2;62;74;82m'[38;2;60;72;80m'[38;2;55;71;78m'[38;2;53;71;77m'[38;2;53;69;76m'[38;2;56;70;77m'[38;2;59;70;78m'[38;2;61;70;77m'[38;2;65;72;78m'[38;2;73;78;83m,[38;2;82;85;89m,[38;2;85;84;89m,[38;2;93;93;98m;[38;2;84;84;89m,[38;2;77;76;81m,[38;2;70;69;78m'[38;2;66;69;80m'[38;2;99;110;119m:[38;2;127;143;151mo[38;2;142;162;168mx[38;2;160;180;184mk[38;2;168;182;186mk[38;2;157;160;165mx[38;2;112;114;118mc[38;2;79;87;91m,[38;2;73;83;90m,[38;2;78;82;89m,[38;2;92;88;93m;[38;2;101;89;94m;[38;2;103;88;92m;[38;2;103;91;91m;[38;2;101;94;92m;[38;2;104;95;94m;[38;2;110;101;100m:[38;2;117;108;107mc[38;2;117;108;107mc[38;2;117;105;104m:[38;2;107;102;100m:[38;2;96;96;94m;[38;2;93;92;92m;[38;2;99;95;93m;[38;2;106;95;93m;[0m
[0m[38;2;73;83;90m,[38;2;61;71;78m'[38;2;52;62;69m.[38;2;49;59;65m.[38;2;51;59;63m.[38;2;56;64;67m.[38;2;64;72;75m'[38;2;70;78;81m,[38;2;72;84;87m,[38;2;71;85;89m,[38;2;69;84;88m,[38;2;67;82;86m,[38;2;66;80;82m,[38;2;67;79;82m,[38;2;67;78;81m'[38;2;73;82;86m,[38;2;78;85;88m,[38;2;81;87;89m,[38;2;83;87;88m,[38;2;84;87;87m,[38;2;83;84;82m,[38;2;81;81;78m,[38;2;93;93;90m;[38;2;91;91;88m;[38;2;73;73;70m'[38;2;63;62;62m.[38;2;59;61;63m.[38;2;89;97;103m;[38;2;121;134;142ml[38;2;136;155;161md[38;2;151;171;175mx[38;2;161;176;180mk[38;2;150;153;159md[38;2;110;111;114mc[38;2;87;92;94m;[38;2;80;87;93m,[38;2;86;88;92m;[38;2;99;92;94m;[38;2;113;95;98m:[38;2;118;93;97m:[38;2;117;92;94m:[38;2;116;94;94m:[38;2;121;97;94m:[38;2;124;99;96m:[38;2;124;100;97m:[38;2;125;100;97m:[38;2;121;99;96m:[38;2;111;96;93m:[38;2;100;91;89m;[38;2;102;92;91m;[38;2;110;97;96m:[38;2;118;98;99m:[0m
[0m[38;2;81;89;96m;[38;2;74;81;88m,[38;2;68;75;82m'[38;2;67;74;80m'[38;2;68;76;79m'[38;2;75;83;85m,[38;2;78;85;89m,[38;2;80;86;92m,[38;2;81;88;93m,[38;2;82;90;93m;[38;2;80;88;91m,[38;2;78;86;88m,[38;2;85;91;90m;[38;2;95;98;96m;[38;2;92;95;93m;[38;2;83;85;84m,[38;2;85;86;86m,[38;2;67;70;70m'[38;2;52;54;53m.[38;2;51;52;50m.[38;2;50;50;49m.[38;2;50;50;50m.[38;2;58;58;57m.[38;2;58;58;58m.[38;2;69;69;69m'[38;2;92;94;88m;[38;2;91;94;91m;[38;2;89;94;95m;[38;2;107;114;118mc[38;2;129;141;146mo[38;2;131;146;150mo[38;2;123;131;136ml[38;2;105;105;112m:[38;2;84;82;86m,[38;2;73;74;74m'[38;2;73;75;77m'[38;2;77;77;78m,[38;2;89;86;85m,[38;2;104;94;92m;[38;2;112;94;94m:[38;2;116;93;94m:[38;2;118;94;95m:[38;2;117;97;95m:[38;2;118;96;95m:[38;2;118;97;97m:[38;2;117;99;98m:[38;2;113;96;97m:[38;2;105;90;91m;[38;2;103;90;92m;[38;2;107;94;97m;[38;2;111;98;98m:[38;2;115;98;98m:[0m
[0m[38;2;93;102;111m:[38;2;108;120;128mc[38;2;121;135;142ml[38;2;129;145;151mo[38;2;138;151;157md[38;2;141;154;159md[38;2;143;156;161md[38;2;143;156;161md[38;2;144;157;163md[38;2;145;156;163md[38;2;145;152;158md[38;2;127;129;135ml[38;2;97;97;99m;[38;2;72;72;70m'[38;2;57;57;55m.[38;2;62;62;60m.[38;2;55;55;55m.[38;2;42;43;45m.[38;2;30;31;33m.[38;2;31;32;34m.[38;2;32;33;35m.[38;2;39;41;40m.[38;2;42;44;43m.[38;2;35;38;37m.[38;2;41;44;43m.[38;2;57;59;59m.[38;2;53;55;54m.[38;2;42;44;43m.[38;2;43;45;44m.[38;2;42;46;44m.[38;2;34;38;36m.[38;2;32;34;33m.[38;2;33;33;33m.[38;2;33;33;33m.[38;2;33;33;33m.[38;2;31;31;31m.[38;2;30;30;30m.[38;2;34;35;34m.[38;2;45;44;42m.[38;2;61;56;55m.[38;2;73;64;65m'[38;2;92;78;80m,[38;2;119;97;98m:[38;2;129;99;101m:[38;2;130;99;99m:[38;2;128;100;97m:[38;2;125;99;97m:[38;2;120;94;93m:[38;2;118;93;92m:[38;2;121;95;95m:[38;2;130;99;99m:[38;2;135;100;101mc[0m
[0m[38;2;144;156;165md[38;2;190;206;216m0[38;2;204;222;230mX[38;2;196;213;218mK[38;2;200;209;217mK[38;2;213;214;223mX[38;2;224;214;224mX[38;2;230;212;223mX[38;2;228;209;218mX[38;2;228;213;220mX[38;2;198;189;192m0[38;2;110;108;108m:[38;2;66;66;64m'[38;2;48;48;46m.[38;2;41;41;40m.[38;2;39;39;39m.[38;2;38;38;40m.[38;2;32;33;35m.[38;2;24;25;27m [38;2;28;29;31m [38;2;34;35;37m.[38;2;35;40;38m.[38;2;41;46;44m.[38;2;44;49;47m.[38;2;49;54;53m.[38;2;45;45;47m.[38;2;38;36;38m.[38;2;33;33;34m.[38;2;33;33;32m.[38;2;33;32;34m.[38;2;34;33;35m.[38;2;33;32;34m.[38;2;32;32;33m.[38;2;30;31;31m.[38;2;33;33;33m.[38;2;33;33;33m.[38;2;31;31;31m.[38;2;29;29;29m.[38;2;30;31;31m.[38;2;33;34;33m.[38;2;32;33;32m.[38;2;37;35;36m.[38;2;56;43;47m.[38;2;99;79;79m,[38;2;129;103;99mc[38;2;137;106;99mc[38;2;140;103;99mc[38;2;135;98;95m:[38;2;130;94;91m:[38;2;133;97;94m:[38;2;140;101;98mc[38;2;145;104;100mc[0m
[0m[38;2;149;168;175mx[38;2;191;213;222mK[38;2;206;218;228mX[38;2;198;194;205m0[38;2;221;199;212mK[38;2;243;216;229mX[38;2;249;219;230mN[38;2;248;215;225mX[38;2;229;198;207mK[38;2;157;136;141mo[38;2;95;90;89m;[38;2;68;68;66m'[38;2;61;61;58m.[38;2;57;57;55m.[38;2;54;54;54m.[38;2;59;59;61m.[38;2;56;56;59m.[38;2;40;41;43m.[38;2;25;26;28m [38;2;24;25;27m [38;2;28;29;31m.[38;2;40;42;42m.[38;2;46;48;47m.[38;2;46;48;47m.[38;2;46;47;47m.[38;2;45;47;49m.[38;2;34;35;36m.[38;2;37;36;34m.[38;2;51;48;45m.[38;2;35;33;28m.[38;2;36;35;31m.[38;2;34;32;31m.[38;2;35;33;34m.[38;2;31;30;31m.[38;2;35;35;35m.[38;2;40;40;40m.[38;2;32;32;32m.[38;2;31;31;31m.[38;2;26;26;26m [38;2;31;31;31m.[38;2;32;32;32m.[38;2;46;46;46m.[38;2;39;39;40m.[38;2;35;35;32m.[38;2;56;50;46m.[38;2;98;82;78m,[38;2;130;105;100mc[38;2;128;99;96m:[38;2;127;95;93m:[38;2;129;95;93m:[38;2;135;98;95m:[38;2;142;103;98mc[0m
[0m[38;2;149;163;173mx[38;2;186;210;217mK[38;2;196;214;221mK[38;2;182;183;193mO[38;2;196;182;194mO[38;2;221;199;212mK[38;2;235;203;214mK[38;2;239;199;210mK[38;2;229;194;202mK[38;2;146;127;130ml[38;2;64;62;62m.[38;2;51;55;51m.[38;2;53;52;50m.[38;2;59;54;52m.[38;2;53;48;45m.[38;2;42;40;38m.[38;2;31;31;33m.[38;2;33;34;35m.[38;2;33;33;31m.[38;2;44;44;42m.[38;2;38;38;39m.[38;2;32;32;31m.[38;2;34;36;33m.[38;2;26;27;25m [38;2;44;41;42m.[38;2;47;41;37m.[38;2;111;101;90m:[38;2;177;163;146mx[38;2;122;107;87m:[38;2;133;124;109ml[38;2;65;59;47m.[38;2;93;86;78m;[38;2;36;31;30m.[38;2;33;31;32m.[38;2;33;33;34m.[38;2;48;48;49m.[38;2;24;24;24m [38;2;31;31;30m.[38;2;27;27;27m [38;2;26;26;26m [38;2;32;32;32m.[38;2;35;35;35m.[38;2;49;49;48m.[38;2;37;37;35m.[38;2;28;27;24m [38;2;30;26;24m [38;2;57;49;47m.[38;2;90;76;75m,[38;2;112;91;91m;[38;2;121;95;96m:[38;2;128;99;96m:[38;2;134;104;99mc[0m
[0m[38;2;145;159;170md[38;2;199;218;226mK[38;2;213;233;238mN[38;2;206;221;227mX[38;2;201;215;224mK[38;2;213;224;233mX[38;2;223;228;237mN[38;2;225;225;234mX[38;2;220;219;225mX[38;2;207;209;214mK[38;2;118;122;126mc[38;2;61;61;60m.[38;2;80;65;59m'[38;2;99;74;63m,[38;2;104;76;63m,[38;2;89;63;52m'[38;2;76;57;49m.[38;2;75;66;59m'[38;2;57;54;48m.[38;2;42;40;35m.[38;2;45;39;37m.[38;2;32;31;27m.[38;2;16;18;17m [38;2;27;26;23m [38;2;53;47;38m.[38;2;194;176;158mk[38;2;232;208;184mK[38;2;168;144;120md[38;2;181;161;140mx[38;2;151;134;117mo[38;2;125;109;92mc[38;2;138;124;108ml[38;2;38;32;21m.[38;2;39;39;31m.[38;2;37;38;32m.[38;2;49;49;46m.[38;2;17;17;17m [38;2;25;25;25m [38;2;28;28;28m [38;2;31;31;31m.[38;2;29;29;29m.[38;2;34;34;33m.[38;2;46;47;44m.[38;2;58;58;57m.[38;2;36;35;37m.[38;2;42;41;45m.[38;2;56;56;63m.[38;2;75;73;81m'[38;2;73;67;73m'[38;2;74;64;70m'[38;2;80;67;73m'[38;2;104;89;95m;[0m
[0m[38;2;140;162;169md[38;2;207;224;232mX[38;2;229;242;248mW[38;2;234;244;250mW[38;2;233;243;248mW[38;2;233;244;249mW[38;2;227;239;245mN[38;2;220;233;239mN[38;2;215;230;236mN[38;2;213;231;237mN[38;2;214;230;236mX[38;2;187;195;196m0[38;2;143;127;118ml[38;2;167;129;114mo[38;2;175;130;110mo[38;2;175;129;109mo[38;2;167;126;109mo[38;2;105;82;66m,[38;2;82;69;54m'[38;2;92;81;71m,[38;2;59;48;43m.[38;2;35;32;29m.[38;2;27;27;28m [38;2;30;27;24m [38;2;91;83;71m,[38;2;234;208;188mK[38;2;246;214;189mX[38;2;212;183;154mO[38;2;242;221;192mX[38;2;183;160;138mx[38;2;218;192;172m0[38;2;208;187;166mO[38;2;147;133;117mo[38;2;124;119;106mc[38;2;40;40;31m.[38;2;36;38;34m.[38;2;12;14;15m [38;2;21;23;22m [38;2;24;26;24m [38;2;20;19;19m [38;2;29;29;28m [38;2;26;28;25m [38;2;38;37;34m.[38;2;57;56;58m.[38;2;41;42;49m.[38;2;52;55;65m.[38;2;108;116;132mc[38;2;93;100;115m:[38;2;113;117;129mc[38;2;124;126;136ml[38;2;97;98;103m;[38;2;42;42;45m.[0m
[0m[38;2;141;158;166md[38;2;205;220;227mX[38;2;230;244;249mW[38;2;232;245;249mW[38;2;225;239;244mN[38;2;217;233;238mN[38;2;211;230;234mX[38;2;209;230;233mX[38;2;211;232;234mX[38;2;209;231;236mX[38;2;211;231;236mX[38;2;207;220;221mX[38;2;167;157;151mx[38;2;181;145;134md[38;2;195;152;135mx[38;2;193;150;129mx[38;2;194;148;130mx[38;2;156;118;97ml[38;2;164;129;108mo[38;2;134;109;92mc[38;2;71;58;49m.[38;2;47;43;40m.[38;2;36;33;31m.[38;2;32;26;21m [38;2;77;64;54m'[38;2;222;200;177mK[38;2;244;216;189mX[38;2;245;215;190mX[38;2;224;197;177m0[38;2;159;138;122mo[38;2;154;133;117mo[38;2;159;139;122mo[38;2;150;137;123mo[38;2;86;79;67m,[38;2;47;45;38m.[38;2;25;28;27m [38;2;3;5;6m [38;2;13;13;13m [38;2;20;17;15m [38;2;83;76;71m,[38;2;58;52;47m.[38;2;30;29;27m [38;2;31;31;31m.[38;2;33;35;35m.[38;2;30;33;35m.[38;2;36;40;43m.[38;2;159;165;172mx[38;2;189;196;203m0[38;2;123;128;134ml[38;2;114;118;123mc[38;2;54;55;58m.[38;2;38;38;41m.[0m
[0m[38;2;128;143;152mo[38;2;181;199;209m0[38;2;208;226;235mX[38;2;213;231;236mX[38;2;206;227;230mX[38;2;203;225;227mX[38;2;204;226;229mX[38;2;205;227;230mX[38;2;206;227;230mX[38;2;209;230;232mX[38;2;208;227;225mX[38;2;200;209;204mK[38;2;164;155;144mx[38;2;163;134;120mo[38;2;158;118;102ml[38;2;152;112;93mc[38;2;164;120;102ml[38;2;188;141;122md[38;2;191;143;124md[38;2;159;118;99ml[38;2;127;99;79m:[38;2;127;105;88m:[38;2;101;87;76m;[38;2;45;38;31m.[38;2;36;32;27m.[38;2;91;80;69m,[38;2;212;188;169m0[38;2;245;214;189mX[38;2;244;214;191mX[38;2;232;207;183mK[38;2;200;176;152mO[38;2;178;155;132mx[38;2;190;169;150mk[38;2;134;119;106ml[38;2;52;44;37m.[38;2;33;32;28m.[38;2;3;2;2m [38;2;5;4;5m [38;2;10;9;8m [38;2;41;39;33m.[38;2;25;23;19m [38;2;31;32;31m.[38;2;28;30;30m.[38;2;32;33;33m.[38;2;32;33;32m.[38;2;33;34;32m.[38;2;67;68;68m'[38;2;117;118;119mc[38;2;37;40;41m.[38;2;70;75;76m'[38;2;136;143;143mo[38;2;201;209;208mK[0m
[0m[38;2;145;157;167md[38;2;190;208;221mK[38;2;205;225;237mX[38;2;202;220;228mX[38;2;203;223;228mX[38;2;212;227;232mX[38;2;222;226;233mX[38;2;228;225;231mN[38;2;199;193;189m0[38;2;195;186;170mO[38;2;194;181;159mO[38;2;181;164;144mx[38;2;156;139;120mo[38;2;161;134;116mo[38;2;192;148;134mx[38;2;189;139;125md[38;2;182;135;120md[38;2;204;155;140mx[38;2;211;156;141mk[38;2;185;129;113mo[38;2;171;121;101mo[38;2;168;126;106mo[38;2;137;109;95mc[38;2;59;46;40m.[38;2;34;32;30m.[38;2;101;91;82m;[38;2;233;207;186mK[38;2;249;213;184mX[38;2;248;214;187mX[38;2;246;213;187mX[38;2;247;215;187mX[38;2;246;214;187mX[38;2;237;205;177mK[38;2;224;190;161m0[38;2;205;174;150mO[38;2;73;57;49m.[38;2;17;13;14m [38;2;22;22;23m [38;2;28;28;28m [38;2;16;16;16m [38;2;7;7;7m [38;2;29;29;29m.[38;2;27;27;27m [38;2;32;32;32m.[38;2;33;33;33m.[38;2;33;33;33m.[38;2;33;33;34m.[38;2;30;30;32m.[38;2;62;64;65m.[38;2;174;178;179mk[38;2;230;237;237mN[38;2;240;248;248mW[0m
[0m[38;2;165;185;196mO[38;2;201;219;229mX[38;2;209;218;227mX[38;2;197;195;203m0[38;2;222;209;218mK[38;2;238;220;229mN[38;2;240;218;223mX[38;2;225;200;200mK[38;2;196;170;158mk[38;2;235;208;185mK[38;2;233;204;176mK[38;2;195;171;146mk[38;2;160;141;123mo[38;2;161;137;122mo[38;2;180;139;127md[38;2;199;145;134mx[38;2;199;141;130mx[38;2;217;159;147mk[38;2;217;159;146mk[38;2;202;147;131mx[38;2;196;142;124md[38;2;208;150;135mx[38;2;159;120;108ml[38;2;67;51;47m.[38;2;33;32;36m.[38;2;40;37;34m.[38;2;140;127;113ml[38;2;226;203;180mK[38;2;211;182;156mO[38;2;238;206;180mK[38;2;245;214;189mX[38;2;246;215;189mX[38;2;246;212;183mX[38;2;228;191;159m0[38;2;153;120;100ml[38;2;47;30;22m.[38;2;39;31;25m.[38;2;46;40;36m.[38;2;46;41;36m.[38;2;20;17;17m [38;2;3;3;5m [38;2;14;12;10m [38;2;30;30;29m.[38;2;28;28;28m [38;2;33;33;33m.[38;2;32;32;32m.[38;2;33;33;34m.[38;2;28;29;29m [38;2;30;31;31m.[38;2;31;33;34m.[38;2;54;56;57m.[38;2;100;100;103m:[0m
[0m[38;2;165;192;199mO[38;2;199;221;226mX[38;2;207;215;221mK[38;2;198;191;199m0[38;2;227;210;220mX[38;2;237;218;228mX[38;2;212;194;195m0[38;2;180;162;152mx[38;2;213;192;171m0[38;2;242;215;188mX[38;2;243;215;188mX[38;2;227;205;181mK[38;2;164;151;136md[38;2;96;82;71m,[38;2;155;129;118mo[38;2;180;140;129md[38;2;184;138;127md[38;2;188;142;130md[38;2;184;137;124md[38;2;177;128;114mo[38;2;190;137;124md[38;2;193;136;128md[38;2;180;136;126md[38;2;111;88;80m;[38;2;53;49;45m.[38;2;30;31;29m.[38;2;42;40;32m.[38;2;112;99;84m:[38;2;185;158;139mx[38;2;231;202;176mK[38;2;243;214;188mX[38;2;216;180;155mO[38;2;193;146;116mx[38;2;196;143;114md[38;2;169;117;98ml[38;2;157;105;75mc[38;2;167;119;65ml[38;2;186;143;93md[38;2;85;60;37m'[38;2;40;27;21m.[38;2;32;19;18m [38;2;6;4;6m [38;2;14;14;14m [38;2;27;27;27m [38;2;28;28;28m [38;2;32;32;32m.[38;2;33;33;33m.[38;2;34;34;34m.[38;2;33;33;33m.[38;2;30;30;30m.[38;2;29;29;29m.[38;2;30;30;30m.[0m
[0m[38;2;173;192;198mO[38;2;207;226;232mX[38;2;194;211;218mK[38;2;157;170;179mx[38;2;153;159;168mx[38;2;153;148;153md[38;2;170;152;146mx[38;2;172;149;131md[38;2;214;191;163m0[38;2;243;216;186mX[38;2;241;211;176mX[38;2;221;190;158m0[38;2;133;109;91mc[38;2;108;90;82m;[38;2;100;81;75m,[38;2;93;75;59m,[38;2;98;76;60m,[38;2;103;75;57m,[38;2;101;71;50m,[38;2;117;83;63m;[38;2;146;108;94mc[38;2;155;116;101ml[38;2;138;100;82m:[38;2;130;99;79m:[38;2;92;72;50m,[38;2;61;48;31m.[38;2;64;44;26m.[38;2;102;71;51m,[38;2;140;100;82m:[38;2;168;121;104ml[38;2;205;154;134mx[38;2;209;151;129mx[38;2;225;158;137mk[38;2;224;156;131mk[38;2;218;142;118mx[38;2;221;135;108mx[38;2;212;130;92md[38;2;203;138;103md[38;2;97;66;49m'[38;2;70;45;35m.[38;2;176;125;107mo[38;2;107;67;57m,[38;2;15;6;4m [38;2;10;11;11m [38;2;20;18;19m [38;2;30;26;26m [38;2;33;32;32m.[38;2;33;33;33m.[38;2;33;33;33m.[38;2;33;33;33m.[38;2;33;33;32m.[38;2;33;33;31m.[0m
[0m[38;2;177;194;204mO[38;2;160;178;188mk[38;2;104;123;136mc[38;2;95;115;129mc[38;2;97;116;131mc[38;2;101;106;114m:[38;2;183;168;159mk[38;2;243;215;188mX[38;2;230;205;173mK[38;2;224;194;160m0[38;2;209;160;102mk[38;2;238;172;103mO[38;2;229;160;112mk[38;2;245;176;153m0[38;2;232;158;132mk[38;2;226;156;100mk[38;2;232;167;96mk[38;2;239;174;99mO[38;2;233;166;93mk[38;2;235;164;107mk[38;2;236;162;128mO[38;2;244;177;155m0[38;2;213;142;103mx[38;2;223;155;93mk[38;2;228;166;87mk[38;2;232;171;88mk[38;2;241;175;94mO[38;2;237;167;105mO[38;2;235;165;130mO[38;2;249;178;158m0[38;2;234;156;125mk[38;2;240;160;111mk[38;2;245;167;113mO[38;2;245;171;116mO[38;2;238;156;109mk[38;2;222;129;96md[38;2;231;142;114mx[38;2;235;166;136mO[38;2;119;91;71m;[38;2;65;45;34m.[38;2;160;100;83mc[38;2;204;127;107md[38;2;86;49;37m.[38;2;29;23;19m [38;2;18;15;20m [38;2;14;13;16m [38;2;16;16;16m [38;2;24;24;24m [38;2;31;31;31m.[38;2;33;33;33m.[38;2;33;33;33m.[38;2;33;33;33m.[0m
[0m[38;2;129;147;158mo[38;2;92;109;122m:[38;2;87;105;120m:[38;2;81;99;115m;[38;2;78;97;115m;[38;2;84;101;116m;[38;2;100;108;112m:[38;2;153;148;140md[38;2;189;174;156mk[38;2;219;190;169m0[38;2;209;158;123mk[38;2;242;168;125mO[38;2;215;132;96md[38;2;220;131;102md[38;2;234;136;105mx[38;2;245;153;102mk[38;2;246;165;101mO[38;2;240;166;102mO[38;2;241;169;107mO[38;2;243;166;115mO[38;2;237;150;115mk[38;2;243;152;128mk[38;2;239;145;108mk[38;2;243;155;100mk[38;2;243;167;95mO[38;2;241;169;90mO[38;2;244;171;91mO[38;2;245;169;102mO[38;2;236;156;111mk[38;2;249;175;151m0[38;2;245;171;139mO[38;2;241;162;101mk[38;2;251;176;93mO[38;2;251;178;85mO[38;2;251;174;92mO[38;2;242;160;108mk[38;2;246;168;129mO[38;2;228;155;108mk[38;2;151;109;67mc[38;2;66;53;36m.[38;2;85;58;50m'[38;2;220;167;154mO[38;2;213;164;156mk[38;2;84;58;54m'[38;2;43;28;28m.[38;2;36;32;31m.[38;2;30;31;30m.[38;2;26;26;26m [38;2;27;27;28m [38;2;30;30;32m.[38;2;33;33;34m.[38;2;33;33;33m.[0m
[0m[38;2;87;105;114m:[38;2;79;97;108m;[38;2;76;94;107m;[38;2;70;88;102m,[38;2;63;85;100m,[38;2;65;87;102m,[38;2;62;81;97m,[38;2;66;83;99m,[38;2;67;81;93m,[38;2;73;78;83m,[38;2;105;84;71m;[38;2;197;142;105md[38;2;236;162;106mk[38;2;226;146;94mx[38;2;225;138;114mx[38;2;233;147;132mk[38;2;238;159;124mk[38;2;245;168;125mO[38;2;245;172;117mO[38;2;244;170;109mO[38;2;244;159;102mk[38;2;236;139;100mx[38;2;237;147;121mk[38;2;235;152;125mk[38;2;241;162;124mO[38;2;242;166;127mO[38;2;238;164;125mO[38;2;237;160;122mk[38;2;237;152;116mk[38;2;234;137;104mx[38;2;234;133;101mx[38;2;241;146;112mk[38;2;247;167;128mO[38;2;243;168;123mO[38;2;243;164;117mO[38;2;235;148;110mk[38;2;225;144;110mx[38;2;207;135;98md[38;2;223;159;118mk[38;2;122;82;61m;[38;2;61;44;43m.[38;2;105;79;75m,[38;2;208;151;134mx[38;2;217;146;112mx[38;2;166;110;80ml[38;2;82;58;47m'[38;2;37;30;27m.[38;2;29;28;25m [38;2;22;24;22m [38;2;22;21;23m [38;2;29;28;29m [38;2;33;33;33m.[0m
[0m[38;2;77;95;104m;[38;2;76;93;106m;[38;2;70;87;101m,[38;2;64;81;97m,[38;2;61;78;93m'[38;2;64;78;93m,[38;2;59;74;88m'[38;2;57;75;88m'[38;2;51;69;81m'[38;2;48;65;77m.[38;2;58;65;69m.[38;2;80;68;56m'[38;2;148;119;83ml[38;2;170;134;89mo[38;2;157;118;89ml[38;2;147;108;95mc[38;2;134;95;71m:[38;2;176;132;82mo[38;2;197;148;85md[38;2;203;151;82mx[38;2;201;147;86md[38;2;179;126;92mo[38;2;192;142;125md[38;2;202;149;129mx[38;2;200;139;99md[38;2;211;151;93mx[38;2;207;149;91mx[38;2;218;155;98mx[38;2;230;156;100mk[38;2;226;150;111mk[38;2;244;164;132mO[38;2;238;154;110mk[38;2;246;166;105mO[38;2;244;167;104mO[38;2;241;161;111mk[38;2;225;137;103mx[38;2;205;123;92mo[38;2;243;169;133mO[38;2;247;171;132mO[38;2;239;170;137mO[38;2;152;110;90mc[38;2;66;43;31m.[38;2;63;38;27m.[38;2;124;87;69m;[38;2;183;134;114md[38;2;209;155;138mk[38;2;89;59;53m'[38;2;20;12;9m [38;2;16;19;15m [38;2;16;16;15m [38;2;9;7;8m [38;2;8;8;8m [0m
[0m[38;2;72;88;103m,[38;2;60;76;91m'[38;2;65;81;96m,[38;2;64;80;95m,[38;2;58;74;87m'[38;2;58;75;88m'[38;2;54;70;83m'[38;2;54;71;84m'[38;2;55;68;79m'[38;2;53;65;74m.[38;2;54;66;75m.[38;2;48;59;69m.[38;2;46;54;61m.[38;2;46;53;58m.[38;2;45;52;58m.[38;2;43;50;56m.[38;2;40;49;54m.[38;2;42;48;49m.[38;2;44;39;33m.[38;2;109;90;77m;[38;2;170;141;122md[38;2;183;147;129md[38;2;188;152;136mx[38;2;193;156;143mx[38;2;188;151;139mx[38;2;116;95;88m:[38;2;43;39;35m.[38;2;55;59;56m.[38;2;73;73;68m'[38;2;91;75;64m,[38;2;180;127;98mo[38;2;217;145;87mx[38;2;229;158;84mk[38;2;227;151;86mx[38;2;212;139;95md[38;2;219;151;118mx[38;2;234;161;107mk[38;2;248;172;93mO[38;2;249;171;89mO[38;2;250;170;94mO[38;2;245;171;105mO[38;2;208;142;93md[38;2;163;112;90ml[38;2;112;73;61m,[38;2;74;43;35m.[38;2;73;44;36m.[38;2;67;47;39m.[38;2;24;19;15m [38;2;12;13;14m [38;2;8;5;7m [38;2;3;1;2m [38;2;1;1;1m [0m
[0m[38;2;75;91;108m;[38;2;64;80;95m,[38;2;47;64;76m.[38;2;46;63;73m.[38;2;51;67;76m.[38;2;57;72;81m'[38;2;55;70;81m'[38;2;55;69;81m'[38;2;51;65;79m.[38;2;48;62;75m.[38;2;49;63;74m.[38;2;48;62;71m.[38;2;46;58;65m.[38;2;47;56;64m.[38;2;46;54;62m.[38;2;47;53;62m.[38;2;45;52;63m.[38;2;43;52;62m.[38;2;39;44;52m.[38;2;47;45;46m.[38;2;118;106;101m:[38;2;179;154;144mx[38;2;194;164;148mk[38;2;188;162;151mk[38;2;127;110;111mc[38;2;46;45;54m.[38;2;30;40;52m.[38;2;49;64;76m.[38;2;59;74;82m'[38;2;70;74;75m'[38;2;149;112;79mc[38;2;236;167;94mk[38;2;231;157;84mk[38;2;222;147;93mx[38;2;219;144;106mx[38;2;230;151;123mk[38;2;223;136;99mx[38;2;240;154;104mk[38;2;242;161;110mk[38;2;239;157;107mk[38;2;241;156;108mk[38;2;235;144;101mx[38;2;235;134;106mx[38;2;232;135;114mx[38;2;223;139;116mx[38;2;220;149;121mx[38;2;198;135;108md[38;2;112;71;55m,[38;2;27;13;14m [38;2;20;19;23m [38;2;22;23;23m [38;2;10;10;10m [0m
[0m[38;2;54;70;85m'[38;2;50;66;80m.[38;2;47;63;75m.[38;2;41;58;67m.[38;2;32;46;53m.[38;2;48;61;69m.[38;2;55;67;78m'[38;2;53;66;78m.[38;2;50;64;75m.[38;2;47;61;72m.[38;2;44;58;69m.[38;2;49;63;74m.[38;2;49;60;70m.[38;2;48;57;67m.[38;2;49;59;68m.[38;2;48;58;67m.[38;2;46;58;67m.[38;2;43;58;66m.[38;2;40;52;61m.[38;2;27;37;46m.[38;2;32;39;48m.[38;2;56;58;62m.[38;2;99;97;98m;[38;2;85;86;89m,[38;2;40;47;55m.[38;2;31;43;52m.[38;2;31;43;57m.[38;2;55;67;82m'[38;2;64;76;86m'[38;2;62;78;86m'[38;2;95;79;70m,[38;2;200;137;105md[38;2;239;163;121mO[38;2;228;156;113mk[38;2;216;136;99md[38;2;210;119;88mo[38;2;237;146;112mk[38;2;238;151;103mk[38;2;244;165;97mO[38;2;236;158;83mk[38;2;236;157;85mk[38;2;224;145;89mx[38;2;231;159;135mk[38;2;245;175;164m0[38;2;240;169;144mO[38;2;223;151;95mx[38;2;235;160;90mk[38;2;206;142;86md[38;2;82;45;31m.[38;2;11;3;4m [38;2;5;6;5m [38;2;16;16;16m [0m
[0m[38;2;59;76;91m'[38;2;53;69;83m'[38;2;46;62;74m.[38;2;39;55;64m.[38;2;34;47;54m.[38;2;28;41;47m.[38;2;48;61;68m.[38;2;53;66;74m.[38;2;50;64;73m.[38;2;47;61;71m.[38;2;42;56;66m.[38;2;49;63;73m.[38;2;49;62;74m.[38;2;50;62;75m.[38;2;50;62;75m.[38;2;48;59;73m.[38;2;50;61;73m.[38;2;50;61;71m.[38;2;42;53;63m.[38;2;27;38;51m.[38;2;31;42;59m.[38;2;35;48;68m.[38;2;37;50;71m.[38;2;40;52;72m.[38;2;35;47;65m.[38;2;30;42;54m.[38;2;35;47;61m.[38;2;56;70;84m'[38;2;65;79;91m,[38;2;64;80;94m,[38;2;74;82;90m,[38;2;103;86;77m;[38;2;195;137;97md[38;2;242;165;99mO[38;2;242;170;95mO[38;2;222;152;94mx[38;2;217;147;115mx[38;2;213;139;105mx[38;2;229;154;86mk[38;2;236;161;74mk[38;2;244;166;82mk[38;2;244;163;93mk[38;2;235;158;119mk[38;2;248;179;172m0[38;2;250;183;175m0[38;2;238;166;128mO[38;2;242;165;96mO[38;2;237;161;83mk[38;2;168;107;72mc[38;2;29;9;5m [38;2;3;3;2m [38;2;4;4;4m [0m
[0m[38;2;58;77;91m'[38;2;57;74;88m'[38;2;56;71;83m'[38;2;53;67;77m'[38;2;46;59;67m.[38;2;24;37;45m.[38;2;28;41;49m.[38;2;48;61;69m.[38;2;50;63;72m.[38;2;48;62;71m.[38;2;42;56;65m.[38;2;48;62;71m.[38;2;53;67;79m'[38;2;52;66;80m.[38;2;51;65;79m.[38;2;52;66;79m.[38;2;52;65;78m.[38;2;51;63;73m.[38;2;43;56;64m.[38;2;29;42;53m.[38;2;30;42;58m.[38;2;33;45;59m.[38;2;37;48;62m.[38;2;36;48;62m.[38;2;34;46;59m.[38;2;34;45;59m.[38;2;38;51;64m.[38;2;55;70;83m'[38;2;61;77;90m'[38;2;64;81;95m,[38;2;68;84;96m,[38;2;72;84;94m,[38;2;98;80;65m,[38;2;185;134;83mo[38;2;223;161;79mk[38;2;226;154;76mx[38;2;230;149;108mk[38;2;244;163;133mO[38;2;233;152;100mk[38;2;240;161;98mk[38;2;243;161;110mO[38;2;247;164;117mO[38;2;241;154;120mk[38;2;237;145;127mk[38;2;240;145;130mk[38;2;239;142;118mk[38;2;237;143;103mx[38;2;244;163;117mO[38;2;226;156;130mk[38;2;82;46;41m.[38;2;7;1;1m [38;2;1;1;1m [0m
[0m[38;2;61;80;95m,[38;2;64;82;96m,[38;2;63;79;92m,[38;2;60;75;86m'[38;2;51;65;73m.[38;2;43;57;65m.[38;2;32;44;53m.[38;2;37;48;57m.[38;2;45;58;66m.[38;2;48;62;71m.[38;2;43;56;65m.[38;2;44;58;67m.[38;2;51;66;78m.[38;2;50;66;79m.[38;2;50;66;79m.[38;2;52;68;81m'[38;2;52;67;79m'[38;2;50;64;73m.[38;2;44;57;65m.[38;2;31;42;54m.[38;2;35;45;62m.[38;2;34;46;62m.[38;2;36;47;63m.[38;2;35;47;63m.[38;2;34;45;61m.[38;2;36;48;63m.[38;2;37;50;65m.[38;2;52;68;81m'[38;2;61;78;91m'[38;2;62;80;95m,[38;2;66;83;98m,[38;2;70;84;97m,[38;2;63;60;59m.[38;2;141;104;82mc[38;2;221;156;107mk[38;2;242;164;110mO[38;2;227;147;111mx[38;2;215;128;99md[38;2;218;124;95md[38;2;236;152;123mk[38;2;245;165;139mO[38;2;243;165;132mO[38;2;244;161;121mO[38;2;237;138;98mx[38;2;236;128;100mx[38;2;235;128;107mx[38;2;236;136;109mx[38;2;244;159;130mO[38;2;240;166;130mO[38;2;142;90;73m:[38;2;22;3;2m [38;2;3;5;3m [0m
[0m[38;2;70;90;106m,[38;2;65;83;97m,[38;2;52;69;82m'[38;2;34;50;62m.[38;2;27;42;50m.[38;2;29;43;50m.[38;2;28;39;47m.[38;2;29;39;48m.[38;2;38;49;59m.[38;2;45;58;67m.[38;2;45;58;67m.[38;2;44;57;66m.[38;2;56;70;82m'[38;2;53;69;82m'[38;2;54;70;83m'[38;2;53;69;82m'[38;2;52;68;80m'[38;2;47;62;70m.[38;2;43;56;64m.[38;2;32;41;53m.[38;2;36;43;62m.[38;2;35;46;62m.[38;2;35;47;63m.[38;2;35;47;63m.[38;2;34;46;62m.[38;2;36;49;65m.[38;2;36;50;66m.[38;2;50;67;82m'[38;2;62;80;94m,[38;2;63;80;94m,[38;2;64;81;98m,[38;2;66;81;95m,[38;2;48;48;51m.[38;2;68;52;47m.[38;2;143;100;82mc[38;2;229;161;136mk[38;2;239;162;135mO[38;2;238;148;114mk[38;2;218;126;97md[38;2;226;141;107mx[38;2;236;153;101mk[38;2;251;168;97mO[38;2;252;170;94mO[38;2;241;156;92mk[38;2;241;155;124mk[38;2;255;176;157m0[38;2;243;161;130mO[38;2;241;158;105mk[38;2;250;167;103mO[38;2;205;139;99md[38;2;56;24;15m.[38;2;4;4;1m [0m
